60 64 67 67 72 72 76 76 67 67 72 72 76 76 64 60 60 64 67 67 72 72 76 76 67 67 72 72 76 76 64 60 60 62 69 69 74 74 77 77 69 69 74 74 77 77 62 60 60 62 69 69 74 74 77 77 69 69 74 74 77 77 62 60 59 62 67 67 74 74 77 77 67 67 74 74 77 77 62 59 59 62 67 67 74 74 77 77 67 67 74 74 77 77 62 59 60 64 67 67
63 67 72 60 55 51 48 72 67 63 48 60 55 51 67 67 75 75 72 72 79 79 75 75 84 84 79 79 87 87 87 87 67 72 60 63 72 67 63 60 67 72 63 60 72 67 67 60 63 62 65 71 67 65 62 71 68 65 71 53 59 56 62 50 71 65 68 50 56 53 59 62 71 71 77 77 74 74 83 83 77 77 86 86 83 83 89 89 89 89 71 74 62 68 65 74 71 65 68 62 71 74 68 65 62 74 71 72 62 65 68 67 63 72 72 72 75 75 79 63 67 79 77 77 75 60 55 51 75 74 51 55 60 53 56 59 74 72 59 56 53 60 55 51
60 68 44 51 56 68 70 70 68 68 67 67 68 68 60 72 61 56 51 44 43 51 55 72 70 70 61 60 68 55 51 43 44 51 56 68 60 69 56 51 44 69 63 70 55 61 70 61 58 72 72 70 70 69 69 70 70 63 73 63 58 55 56 63 68 60 73
60 48 60 59 48 47 59 60 47 48 60 65 48 53 65 53 65 53 65 53 63 51 63 51 60 48 60 59 48 47 59 60 47 48 60 68 48 56 68 56 68 56 68 56 67 55 67 55 60 60 59 59 60 60 72 72 72 72 72 56 60 66 72 74 74 72 72 71 71 72 72 75 75 74 74 77 77 75 75 74 74 72 72 71 66 60 56 67 62 55 71 55 62 67 55 43 55 54 43 42 54 55 42 43 55 60 43 48 60 48 60 48 60 48 59 47 59 47 55 43 55 54 43 42 54 55 42 43 55 63 43 51 63 51 63 51 63 51 62 50 62 50 55 43 55 43 59 47 59 47 62 50 62 50 65 53 65 53 68 56 68 56 71 59 71 59 74 62 74 62 77 65 77 65 80 68 80 68 79 67 79 67 77 65 77 65 75 63 75 63 74 62 74 62 72 60 60 63 67 67 63 72 63 67 67 63 72
55 55 60 60 62 62 63 63 60 60 59 60 59 62 60 62 55 60 48 51 60
60 61 60 57 61 58 57 55 58 58 55 67 58 65 67 65 65 55 58 36 49 58 55 49 36 55 58 49 36 58 55 36 49 65 64 64 60 61 60 57 61 58 57 55 58 58 55 67 58 65 67 65 65 55 58 36 49 58 55 49 36 55 58 36 49 58 55 49 36 65 64 64 60 60 61 61 57 57 58 58 55 55 58 58 67 67 65 65 63 63 64 64 70 58 70 68 58 56 68 66 56 54 66 67 54 55 67 73 55 61 73 72 61 60 72 69 60 57 69 70 57 58 70 85 58 73 79 67 85 73 84 72 79 67 82 70 84 72 80 68 82 70 79 67 80 68 77 65 79 67 76 64 77 65 79 67 76 64 70 58 79 67 71 59 70 58 71 72 59 60 72 73 60 61 73 67 61 55 67 72 55 60 72 70 60 58 69 57 70 58 65 69 57 66 65 62 66 63 62 72 63 70 72 70 70 60 63 54 41 63 60 41 54 60 63 54 41 63 60 41 54 70 69 69 65 66
55 67 63 60 36 48 60 55 67 63 60 56 63 68 48 36 29 41 68 60 56 63 67 55 63 59 41 29 31 43 63 67 65 62 62 59 55 65 55 63 51 60 43 31 36 43 48 60 55 63 51 48 43 36 56 60 51 63 32 44 63 56 60 51 65 61 53 56 44 32 25 37 56 65 61 53 60 63 49 51 55 37 25 27 39 63 60 61 58 58
83 79 77 74 71 68 67 68 65 67 62 65 63 62 62 63 59 71 77 83 79 74 62 55 59 56 55 55 56 53 55 50 53 51 50 50 51 47 50 43 47 44 43 43 44 41 43 38 41 39 38 38 39 36 38 31 36 36 31 31 36 80 75 77 68 36 31 31 36 36 31 68 80 75 77 67 79 31 36 35 79 67 86 77 79 74 31 35 68 67 68 65 67 62 65 63 62 62 63 74 86 77 79 59 62 55 59 56 55 55 56 53 55 50 53 51 50 50 51 47 50 43 47 44 43 43 44 41 43 38 41 39 38 38 39 36 38 31 36 36 31 31 36 36 80 75 77 68 31 31 36 36 31 31 68 80 75 77 67 79 36 35 79 67 77 89 79 86 31 35 86 77 89 79 92 80 91 79 92 80 89 77 91 79 74 86 89 77 75 87 74 86 86 74 75 87 83 71 86 74 67 79 83 71 68 80 67 79 79 67 68 80 65 77 79 67 62 74 65 77 75 63 62 74 74 62 75 63 71 59 74 62 55 67 71 59 56 68 55 67 67 55 56 68 65 53 67 55 50 62 65 53 51 63 50 62 50 62 51 63 59 47 50 62 55 43 59 47 56 44 55 43 55 43 56 44 41 53 55 43 50 38 41 53 51 39 50 38 38 50 51 39 36 48 38 50 47 36 48 35 43 55 47 35 43 55 53 41 51 39 53 41 50 38 51 39 39 51 50 38 38
51 36 51 36 55 43 55 43 63 48 63 48 63 48 63 48 67 55 67 55 75 60 75 60 75 60 75 60 79 67 79 67 87 72 87 72 79 67 79 67 75 60 75 60 75 60 75 60 67 55 67 55 63 48 63 48 63 48 63 48 55 43 55 43 50 36 50 36 56 41 56 41 62 48 62 48 62 48 62 48 68 53 68 53 74 60 74 60 74 60 74 60 80 65 80 65 86 72 86 72 80 65 80 65 74 60 74 60 74 60 74 60 68 53 68 53 62 48 62 48 62 48 62 48 56 41 56 41 53 36 53 36 60 44 60 44 65 48 65 48 65 48 65 48 72 56 72 56 77 60 77 60 77 60 77 60 84 68 84 68 89 72 89 72 84 68 84 68 77 60 77 60 77 60 77 60 72 56 72 56 65 48 65 48 65 48 65 48 60 44 60 44 51 36 51 36 55 43 55 43 63 48 63 48 63 48 63 48 67 55 67 55 75 60 75 60 75 60 75 60 79 67 79 67 87 72 87 72 79 67 79 67 75 60 75 60 75 60 75 60 67 55 67 55 63 48 63 48 63 48 63 48 55 43 55 43 50 36 50 36 56 41 56 41 62 48 62 48 62 48 62 48 68 53 68 53 74 60 74 60 74 60 74 60 80 65 80 65 86 72 86 72 80 65 80 65 74 60 74 60 74 60 74 60 68 53 68 53 62 48 62 48 62 48 62 48 56 41 56 41 51 36 51 36 56 41 56 41 63 47 63 47 63 48 63 48 68 56 68 56 75 59 75 59 75 60 75 60 80 65 80 65 87 71 87 71 80 65 80 65 75 60 75 60 75 59 75 59 68 53 68 53 63 48 63 48 63 47 63 47 56 41 56 41 48 36 48 36 51 43 51 43 60 48 60 48 60 48 60
51 55 60 36 39 43 48 60 55 51 55 60 48 36 39 43 51 60 55 55 59 62 51 50 62 59 55 55 60 63 50 48 63 60 55 48 57 60 63 54 63 60 57 59 62 54 55 62
60 44 56 56 51 51 56 56 51 60 58 44 49 51 55 55 51 51 55 55 51 58 63 49 48 51 56 56 51 51 56 56 51 48 43 51 58 58 51 63 61 51 58 58 51 61 60 43 44 51 56 56 51 60 63 44 43 51 58
67 67 72 72 74 74 75 48 48 51 51 55 75 77 55 60 77 74 60 48 48 53 53 55 74 75 55 59 75 72 59 48 48 51 51 55 55 60 72 74 74 72 60 63 72 71 63 67 71 72 67 63 72 74 63 62 74 77 77 75 62 60 75 74 60 67 74 75 67 60 63 75 77 63 60 67 77 79 67 59 62 79 62 59 67 79 67 60 56 79 56 60 67 79 67 55 55 59 59 62 62 67 67 55 55 59 79 77 59 62 77 79 62 67 79 77 77 79 79 80 67 53 53 56 56 59 59 62 80 74 62 53 53 56 74 75 56 59 75 77 59 62 77 75 75 77 77 79 62 51 51 55 55 60 60 63 79 72 63 56 56 60 72 72 60 63 72 74 63 66 74 75 66 55 75 55 60 75 60 63 75 77 63 67 77 74 67 55 74 55 59 74 59 62 74 75 62 67 75 72 67 48 72 48 51 51 55
29 41 48 48 48 48 57 57 41 29 29 41 57 57 57 57 63 63 41 29
